IRIDIUM 21 [+]          
1 25778U 99032B   18106.47190576 -.00000036  00000-0 -20060-4 0  9990
2 25778  86.3921  97.2362 0002146  87.8413 272.3028 14.34215205991586
IRIDIUM 72 [+]          
1 25343U 98032B   18106.47824485 -.00000030  00000-0 -17606-4 0  9996
2 25343  86.3921  97.1288 0002280  85.0675 275.0781 14.34215280 42574
IRIDIUM 75 [+]          
1 25346U 98032E   18106.41482446 -.00000025  00000-0 -16121-4 0  9995
2 25346  86.3923  97.4186 0002267  85.3132 274.8323 14.34215160 43134
IRIDIUM 70 [+]          
1 25342U 98032A   18106.49093456 -.00000033  00000-0 -18784-4 0  9994
2 25342  86.3926  97.5320 0002369  86.8712 273.2755 14.34215206 42577
IRIDIUM 62 [+]          
1 25285U 98021A   18106.42751153 -.00000037  00000-0 -20139-4 0  9997
2 25285  86.3921  97.1921 0002345  86.3922 273.7542 14.34214973 48488
IRIDIUM 14 [+]          
1 25777U 99032A   18106.43385193 -.00000025  00000-0 -15991-4 0  9991
2 25777  86.3922  97.2373 0002365  85.5444 274.6022 14.34215018998140
IRIDIUM 64 [+]          
1 25287U 98021C   18106.44019929 -.00000027  00000-0 -16816-4 0  9995
2 25287  86.3922  97.2323 0002136  81.4384 278.7054 14.34214829 48465
IRIDIUM 65 [+]          
1 25288U 98021D   18106.44654055 -.00000044  00000-0 -22816-4 0  9997
2 25288  86.3920  97.1275 0002358  84.4180 275.7284 14.34214981 48485
IRIDIUM 66 [+]          
1 25289U 98021E   18106.45288106 -.00000038  00000-0 -20467-4 0  9992
2 25289  86.3919  97.0255 0002310  85.8572 274.2888 14.34214926 48471
IRIDIUM 67 [+]          
1 25290U 98021F   18106.45922792 -.00000032  00000-0 -18545-4 0  9998
2 25290  86.3921  97.1639 0002265  85.2402 274.9052 14.34214846 48491
IRIDIUM 68 [+]          
1 25291U 98021G   18106.46556963 -.00000038  00000-0 -20519-4 0  9993
2 25291  86.3922  97.2858 0002249  83.5204 276.6248 14.34214875 48476
IRIDIUM 134 [+]         
1 43075U 17083F   18106.61503182  .00000099  00000-0  28360-4 0  9991
2 43075  86.3944 128.8611 0002223  82.2901 277.8547 14.34217211 16466
IRIDIUM 141 [+]         
1 43077U 17083H   18106.55160935  .00000090  00000-0  25236-4 0  9991
2 43077  86.3941 128.9203 0002543  95.3155 264.8331 14.34216814 16526
IRIDIUM 137 [+]         
1 43076U 17083G   18106.55795441  .00000082  00000-0  22203-4 0  9998
2 43076  86.3945 128.9244 0002435 107.1140 253.0323 14.34218629 16527
IRIDIUM 116 [+]         
1 43072U 17083C   18106.56429263  .00000094  00000-0  26489-4 0  9994
2 43072  86.3940 128.9278 0002260 101.7601 258.3849 14.34217805 16529
IRIDIUM 135 [+]         
1 43070U 17083A   18106.57063984  .00000089  00000-0  24655-4 0  9994
2 43070  86.3942 128.9040 0001676  93.7903 266.3484 14.34217558 16508
IRIDIUM 151 [+]         
1 43074U 17083E   18106.50721796  .00000081  00000-0  21975-4 0  9997
2 43074  86.3943 128.9405 0002351 104.0620 256.0837 14.34217723 16480
IRIDIUM 120 [+]         
1 42805U 17039C   18106.44376812  .00000066  00000-0  16499-4 0  9995
2 42805  86.3936 129.0919 0002812  79.5706 280.5807 14.34218281 43511
IRIDIUM 113 [+]         
1 42803U 17039A   18106.51989353  .00000085  00000-0  23431-4 0  9996
2 42803  86.3948 128.8913 0002766  83.0624 277.0887 14.34216965 43538
IRIDIUM 138 [+]         
1 43071U 17083B   18106.52624197  .00000092  00000-0  25769-4 0  9990
2 43071  86.3931 128.9217 0002510  90.1479 270.0004 14.34218390 16482
IRIDIUM 130 [+]         
1 43073U 17083D   18106.60235803  .00000084  00000-0  23084-4 0  9992
2 43073  86.3950 128.8935 0002454  92.5524 267.5952 14.34217814 16477
IRIDIUM 131 [+]         
1 43079U 17083K   18106.60870315  .00000090  00000-0  25228-4 0  9990
2 43079  86.3947 128.8830 0002450  87.9822 272.1654 14.34217743 16469
IRIDIUM 117 [+]         
1 42808U 17039F   18106.61212256  .00000094  00000-0  26417-4 0  9990
2 42808  86.3993 160.4355 0002477  75.6007 284.5464 14.34217580 42331
IRIDIUM 95 [+]          
1 27375U 02005D   18106.61841374  .00000108  00000-0  31661-4 0  9991
2 27375  86.3982 160.4035 0002447 114.0002 246.1450 14.34219684854377
IRIDIUM 45 [+]          
1 25104U 97082A   18106.55498898  .00000120  00000-0  35934-4 0  9991
2 25104  86.3980 160.4504 0002791  80.2575 279.8936 14.34219863 63592
IRIDIUM 123 [+]         
1 42804U 17039B   18106.56137639  .00000090  00000-0  25052-4 0  9991
2 42804  86.3995 160.4632 0002575  94.8280 265.3210 14.34218199 42302
IRIDIUM 126 [+]         
1 42809U 17039G   18106.56773512  .00000091  00000-0  25350-4 0  9994
2 42809  86.3995 160.4590 0002433  92.1536 267.9939 14.34217658 42314
IRIDIUM 32 [+]          
1 24945U 97051B   18106.57401622  .00000117  00000-0  34863-4 0  9996
2 24945  86.3981 160.3237 0002436  97.1462 263.0011 14.34219717 77902
IRIDIUM 91 [+]          
1 27372U 02005A   18106.51059247  .00000120  00000-0  35855-4 0  9990
2 27372  86.3986 160.4381 0002727 100.6055 259.5448 14.34220649855102
IRIDIUM 121 [+]         
1 42812U 17039K   18106.51697423  .00000085  00000-0  23400-4 0  9996
2 42812  86.3996 160.4921 0002501  92.9712 267.1770 14.34216453 42291
IRIDIUM 118 [+]         
1 42807U 17039E   18106.52331828  .00000090  00000-0  25183-4 0  9991
2 42807  86.3995 160.4890 0002499 105.1885 254.9587 14.34218834 42300
IRIDIUM 59 [+]          
1 25275U 98019D   18106.59938344  .00000127  00000-0  38134-4 0  9992
2 25275  86.3984 160.5836 0002360  98.3352 261.8111 14.34220235 49639
IRIDIUM 60 [+]          
1 25276U 98019E   18106.60572930  .00000122  00000-0  36607-4 0  9998
2 25276  86.3978 160.1889 0002428  94.7409 265.4064 14.34220817 49346
IRIDIUM 119 [+]         
1 42959U 17061E   18106.61554366  .00000084  00000-0  22756-4 0  9994
2 42959  86.4032 192.0061 0002909  94.6287 265.5241 14.34216223 27179
IRIDIUM 122 [+]         
1 42957U 17061C   18106.55212567  .00000086  00000-0  23590-4 0  9998
2 42957  86.4030 192.0172 0003232  86.6062 273.5504 14.34217021 27134
IRIDIUM 128 [+]         
1 42811U 17039J   18106.41893093  .00000096  00000-0  27112-4 0  9991
2 42811  86.4031 192.0397 0003451  86.5749 273.5842 14.34216640 42315
IRIDIUM 107 [+]         
1 42960U 17061F   18106.28571810  .00000085  00000-0  23147-4 0  9998
2 42960  86.4032 192.1463 0002367  91.9830 268.1636 14.34219607 27143
IRIDIUM 132 [+]         
1 42961U 17061G   18106.29206217  .00000029  00000-0  34514-5 0  9995
2 42961  86.4031 192.1387 0002361  82.3933 277.7530 14.34215871 27137
IRIDIUM 129 [+]         
1 42958U 17061D   18106.36819020  .00000085  00000-0  23172-4 0  9990
2 42958  86.4031 192.1282 0002905  91.2977 268.8552 14.34217971 27125
IRIDIUM 7 [+]           
1 24793U 97020B   18106.51036350  .00000087  00000-0  24081-4 0  9996
2 24793  86.4025 192.2045 0002259  97.7792 262.3660 14.34250723 96678
IRIDIUM 133 [+]         
1 42955U 17061A   18106.31110771  .00000083  00000-0  22607-4 0  9999
2 42955  86.4031 192.1332 0003014  92.6056 267.5485 14.34221390 27090
IRIDIUM 125 [+]         
1 42964U 17061K   18106.31744320  .00000084  00000-0  22980-4 0  9997
2 42964  86.4035 192.1473 0002377  91.8398 268.3070 14.34218527 27177
IRIDIUM 136 [+]         
1 42962U 17061H   18106.60287079  .00000092  00000-0  25660-4 0  9997
2 42962  86.4031 192.0075 0002857  98.7792 261.3727 14.34223276 27196
IRIDIUM 139 [+]         
1 42963U 17061J   18106.60920142  .00000093  00000-0  26164-4 0  9994
2 42963  86.4034 192.0181 0002478  91.0194 269.1286 14.34219230 27202
IRIDIUM 50 [+]          
1 25172U 98010D   18106.61264192  .00000137  00000-0  41838-4 0  9991
2 25172  86.4002 223.5035 0002150  99.9362 260.2077 14.34216827 54972
IRIDIUM 56 [+]          
1 25170U 98010B   18106.54918051  .00000195  00000-0  62616-4 0  9992
2 25170  86.4017 223.6733 0002349  95.6658 264.4805 14.34218592 55161
IRIDIUM 52 [+]          
1 25169U 98010A   18106.41601240  .00000140  00000-0  42771-4 0  9995
2 25169  86.4002 223.6084 0002124  96.5420 263.6017 14.34216771 55242
IRIDIUM 53 [+]          
1 25173U 98010E   18106.42236634  .00000130  00000-0  39411-4 0  9998
2 25173  86.4002 223.5905 0002129  96.9735 263.1703 14.34216435 55239
IRIDIUM 84 [+]          
1 25530U 98066D   18106.42867227  .00000183  00000-0  58464-4 0  9991
2 25530  86.3994 223.1494 0002193  99.4654 260.6789 14.34214747 20460
IRIDIUM 10 [+]          
1 24839U 97030D   18106.36524740  .00000151  00000-0  46989-4 0  9999
2 24839  86.3997 223.2959 0002138  98.2421 261.9018 14.34217765 90413
IRIDIUM 54 [+]          
1 25171U 98010C   18106.37159444  .00000140  00000-0  42995-4 0  9995
2 25171  86.4002 223.6492 0002174  95.8644 264.2799 14.34217795 55389
IRIDIUM 105 [+]         
1 41921U 17003E   18106.37796542  .00000074  00000-0  19366-4 0  9997
2 41921  86.4016 223.6049 0002446  55.1689 304.9737 14.34216481 67460
IRIDIUM 108 [+]         
1 41924U 17003H   18106.38429490  .00000070  00000-0  17911-4 0  9996
2 41924  86.4010 223.6767 0001808  84.8122 275.3280 14.34217083 67458
IRIDIUM 83 [+]          
1 25531U 98066E   18106.39068000  .00000129  00000-0  39027-4 0  9994
2 25531  86.3997 223.3031 0002146  97.5513 262.5927 14.34213018 17814
IRIDIUM 86 [+]          
1 25528U 98066B   18106.39698609  .00000136  00000-0  41462-4 0  9998
2 25528  86.3993 222.9931 0003073  88.0523 272.1025 14.34216003 22826
IRIDIUM 102 [+]         
1 41920U 17003D   18106.47651701  .00000061  00000-0  14609-4 0  9995
2 41920  86.3959 255.2009 0002343  97.8492 262.2970 14.34216526 65623
IRIDIUM 112 [+]         
1 41925U 17003J   18106.48283088  .00000062  00000-0  14983-4 0  9996
2 41925  86.3956 255.1706 0001962 109.7022 250.4385 14.34214440 65640
IRIDIUM 104 [+]         
1 41922U 17003F   18106.48920859  .00000055  00000-0  12666-4 0  9995
2 41922  86.3960 255.1922 0002181  79.5214 280.6228 14.34217426 65618
IRIDIUM 114 [+]         
1 41923U 17003G   18106.49551029  .00000082  00000-0  22295-4 0  9995
2 41923  86.3960 255.1814 0001773  91.4515 268.6884 14.34216911 65614
IRIDIUM 103 [+]         
1 41918U 17003B   18106.50186898  .00000074  00000-0  19458-4 0  9997
2 41918  86.3959 255.1921 0002775  88.5250 271.6263 14.34214620 65587
IRIDIUM 109 [+]         
1 41919U 17003C   18106.50820342  .00000083  00000-0  22505-4 0  9994
2 41919  86.3960 255.1996 0002253  91.7517 268.3937 14.34214869 65569
IRIDIUM 106 [+]         
1 41917U 17003A   18106.51454135  .00000060  00000-0  14441-4 0  9991
2 41917  86.3961 255.2772 0001925  78.4993 281.6419 14.34214259 65551
IRIDIUM 80 [+]          
1 25469U 98051C   18106.46217638  .00000006  00000-0 -50864-5 0  9997
2 25469  86.3946 255.2773 0002161  73.7839 343.6697 14.34212204 26304
IRIDIUM 98 [+]          
1 27451U 02031B   18106.45742189  .00000016  00000-0 -14225-5 0  9998
2 27451  86.3939 255.3551 0002445  85.8507 274.2968 14.34211854834773
IRIDIUM 41 [+]          
1 25040U 97069B   18106.46376750  .00000008  00000-0 -41949-5 0  9997
2 25040  86.3946 255.1445 0002208  87.7727 272.3721 14.34211797 69788
IRIDIUM 111 [+]         
1 41926U 17003K   18106.47016588  .00000054  00000-0  12294-4 0  9999
2 41926  86.3958 255.1821 0002509  84.3685 275.7797 14.34216710 65663